345 1 false 6
463 8 false 6
556 11 false 6 7
676 15 false 8 4
800 14 false 3 9 5
986 22 false 11 4
462 96 true 0 1 2 6 6 12
563 118 false 2 8
672 111 true 7 3 14
807 138 false 4 10 15
910 138 false 9 11
1028 152 false 10 5
461 221 false 6 13 20 19 18
562 230 false 12 14
678 227 false 13 8 15 22
809 233 false 14 16 9
935 297 false 15 17
1021 387 false 16
365 326 false 12
463 319 true 12 19 19 24 23 25
561 327 false 21 12
655 330 false 22 20
730 336 false 14 21
372 424 false 19
464 425 false 19
568 426 false 19 26
468 513 false 25
