512 8 false 1 3
610 14 false 0 4 8
416 77 false 6 3
513 81 true 0 7 2 3 3 8
688 78 false 1 5
779 77 false 4 9
416 163 false 7 10 2
518 158 false 8 6 3 21
612 162 false 11 7 1 3
781 161 true 5 12 11
415 241 false 13 6
612 233 false 14 8 9 12
785 229 false 9 15 11
419 317 false 16 10
618 308 true 17 11
791 309 false 12 19
420 393 false 13 20
617 389 false 18 14 21
708 392 false 19 17 22
795 384 false 15 18 23
419 469 false 16 24
518 468 false 24 22 21 21 17 7
707 470 false 25 21 18 23
799 465 false 22 19
523 541 false 21 25 20
711 543 false 24 22
