348 2 false 5 4
606 5 false 6 2
694 3 false 1 7 3
781 4 false 2 7 8
349 75 false 9 0
429 73 false 0 9 6
515 74 false 10 11 1 5
698 75 false 2 3 12
924 82 false 8 8 3 13
350 153 false 5 4 14
426 149 false 14 6
514 151 false 14 6 15
701 150 false 7 15 17
925 162 false 8 17
431 235 false 9 10 11 15 18
516 231 false 11 14 16 12
620 228 false 15 19
999 234 false 13 12 23
432 308 true 14 19 24
616 304 false 18 20 16 26
701 295 false 19 21 25
784 292 true 20 22
868 293 false 21 23
948 293 false 22 17
426 400 false 18
707 367 false 20 27
618 443 false 19 27
711 439 true 25 26 28 29
716 539 false 27
798 530 false 27
